2000291 변희석 19 26 76
2000363 성명문 43 75 99
2000644 양연연 20 0 48
2000226 변욱경 29 2 55
2000093 지희욱 39 14 58
2000342 양문창 98 84 95
2000906 지정희 35 56 75
2000572 지명주 60 15 26
2000891 김욱화 40 78 89
2000348 양화문 37 72 27
2000880 변연명 0 61 77
2000801 이경창 92 57 95
2000055 최희문 57 45 94
2000865 박지희 77 27 7
2000589 최욱명 51 96 60
2000702 김상태 64 98 45
2000148 이지창 99 8 97
2000067 박문주 16 5 69
2000953 김석태 34 86 8
2000334 이우창 45 46 9
2000040 변욱연 49 58 46
2000471 양석지 25 90 1
2000468 강주상 10 2 88
2000639 홍창화 87 4 27
2000946 최연문 49 30 29
2000235 강우문 76 55 30
2000361 홍정석 84 33 6
2000158 강상태 32 16 12
2000189 성석화 58 35 46
2000037 이주화 0 19 98
2000560 김명효 37 81 90
2000857 변명화 15 91 15
2000647 양우문 98 77 35
2000012 박주화 45 86 94
2000517 지경상 16 94 36
2000492 강희문 62 79 34
2000932 강정효 8 23 78
2000868 성태문 96 32 10
2000358 성경효 47 66 97
2000544 박화지 58 94 15
2000534 이석연 19 63 44
2000071 홍연문 80 15 43
2000645 홍명석 70 61 62
2000973 홍희효 98 74 41
2000256 성지화 24 39 13
2000708 최효경 18 89 29
2000884 지상연 99 43 41
2000575 강창우 76 75 49
2000583 이희연 91 62 2
2000830 지문상 9 14 20
2000503 박명상 72 47 24
2000920 지창욱 28 38 66
2000562 김경태 70 47 81
2000307 성지태 97 9 84
2000579 최화효 10 16 76
2000912 지우효 34 14 1
2000082 최연정 8 44 65
2000486 변경경 57 75 36
2000121 강연우 1 80 74
2000188 지욱경 63 70 52
2000881 이희연 21 35 38
2000483 강창화 91 11 23
2000031 최희효 26 97 13
2000875 성정명 81 9 21
2000396 강연문 68 38 39
2000047 홍상문 88 32 99
2000091 박희석 21 40 99
2000061 박정우 24 73 79
2000084 양주명 16 0 23
2000892 변연지 45 71 43
2000686 김경희 37 11 30
2000907 지희태 45 48 88
2000939 성욱희 85 72 42
2000657 박태연 30 84 87
2000706 이지상 88 19 4
2000301 강정희 9 28 88
2000516 홍정화 19 82 87
2000546 양희희 2 22 16
2000104 김명우 68 73 67
2000406 이욱화 61 77 91
2000303 변태지 73 66 72
2000135 박경욱 83 30 80
2000295 성우화 86 89 4
2000319 강태정 54 27 65
2000263 지욱문 61 92 26
2000921 지효태 46 55 37
2000404 홍효지 15 85 90
2000545 강지창 1 76 40
2000117 지화주 92 22 70
2000164 지창효 53 29 60
2000806 최연태 27 71 99
2000995 최지연 69 68 97
2000231 김문주 86 5 62
2000069 성석연 22 40 55
2000227 이연희 42 87 53
2000751 최화주 6 39 62
2000152 박지화 52 26 78
2000862 이정효 66 98 57
2000624 이경경 35 42 81
2000959 최희창 50 95 37
2000455 박경명 74 22 60
2000786 지주우 11 29 80
2000470 강명창 52 62 49
2000592 양명효 4 23 85
2000817 박명주 49 84 43
2000378 이명석 38 8 10
2000182 지욱효 50 73 24
2000011 지상정 58 7 56
2000596 홍태문 4 51 90
2000368 변희창 79 26 48
2000650 양명문 81 72 83
2000268 홍연창 30 15 12
2000810 양지연 7 73 41
2000458 최희경 60 74 67
2000602 이정욱 41 64 14
2000021 변명지 50 21 27
2000285 변상희 71 43 33
2000380 최욱문 16 91 23
2000136 성연석 69 55 86
2000556 이태상 7 6 70
2000968 지경정 76 91 22
2000108 강경문 75 27 55
2000382 양화창 39 24 64
2000484 강우연 20 78 25
2000749 지연우 35 60 75
2000333 김지경 69 94 88
2000261 성희희 75 20 12
2000727 박욱명 91 7 91
2000628 지우욱 91 38 58
2000842 성태우 12 77 59
2000343 강주희 93 15 81
2000441 강화정 86 45 27
2000170 박효문 55 29 85
2000548 박지지 63 19 64
2000033 이정우 98 5 11
2000791 양지연 88 47 92
2000276 양우화 72 87 51
2000610 김지정 92 21 8
2000989 강욱창 9 25 58
2000746 홍상태 70 77 34
2000701 지경욱 13 67 58
2000716 이상우 14 60 10
2000694 최상연 15 59 19
2000667 이석석 99 13 24
2000699 지욱문 27 74 20
2000248 김효석 92 87 42
2000554 김우태 41 71 9
2000809 지석정 82 37 57
2000849 강욱우 84 83 74
2000041 성연우 76 64 57
2000847 최상상 89 74 28
2000044 김경주 7 50 45
2000390 박연효 69 17 30
2000851 최효화 83 24 89
2000230 박희경 90 75 23
2000976 강지문 46 39 6
2000294 이희경 46 33 36
2000046 지희상 85 84 51
2000783 이주문 84 95 98
2000652 김석희 15 22 60
2000242 최욱경 33 80 20
2000239 홍욱문 51 54 90
2000523 최문명 38 74 61
2000194 최효정 83 51 59
2000793 양문정 49 95 98
2000120 지주욱 37 40 23
2000243 양문욱 59 52 13
2000804 양주지 26 83 35
2000626 김정효 24 28 79
2000726 양희석 79 11 81
2000876 변지문 28 17 53
2000508 변우태 14 74 76
2000587 양화창 44 44 58
2000375 홍석명 19 33 96
2000945 강희문 8 36 31
2000815 박연태 16 95 90
2000326 성태화 83 83 77
2000192 강연문 98 73 34
2000336 양상주 69 12 92
2000267 성창명 59 99 65
2000208 지욱경 22 32 22
2000983 김연지 82 89 66
2000280 최효상 8 11 97
2000834 홍석희 0 23 6
2000485 박상태 29 76 72
2000469 김우우 94 73 80
2000038 변문우 67 54 23
2000735 성정욱 49 44 32
2000521 강석명 60 14 6
2000437 강화화 70 49 98
2000168 지지명 84 10 69
2000895 박연효 46 26 84
2000132 최효연 34 82 98
2000489 변석창 46 90 39
2000765 양연효 80 21 78
2000882 홍욱지 77 61 47
2000869 지우문 54 70 24
2000228 양지문 0 64 54
2000627 변욱화 32 25 29
2000324 이희상 90 16 49
2000359 이효욱 52 57 48
2000835 강우효 85 58 75
2000676 지태태 62 57 56
2000481 강상명 5 76 98
2000005 강상주 76 71 97
2000043 성연희 53 64 30
2000413 최문지 7 11 98
2000255 변연상 62 71 89
2000426 이태지 51 10 70
2000309 양주정 9 49 9
2000784 최상정 49 95 64
2000542 강경경 35 23 13
2000432 최창희 16 94 89
2000714 지문희 84 20 20
2000155 홍상정 16 2 72
2000399 홍욱연 81 88 9
2000127 이희효 18 30 53
2000693 박욱효 80 43 68
2000415 홍연화 93 90 2
2000407 강효화 88 48 99
2000584 최우문 44 4 71
2000479 양석명 38 39 76
2000209 강우태 55 47 62
2000879 박명희 29 77 55
2000798 성주상 96 71 42
2000183 박희효 74 43 69
2000366 지효욱 95 5 52
2000262 양화지 62 74 16
2000315 강경지 85 15 26
2000089 강석석 15 8 3
2000001 김우효 74 60 17
2000414 지상석 34 25 20
2000376 성욱희 30 7 42
2000110 이주태 87 3 98
2000764 홍욱효 59 45 64
2000083 김우태 81 4 19
2000010 강효화 31 30 15
2000232 성지창 32 26 91
2000563 박효명 36 30 4
2000715 홍상문 78 83 3
2000931 강화우 87 5 3
2000197 성석우 34 69 90
2000095 지창주 9 16 82
2000679 이지효 38 23 17
2000649 변주상 12 15 2
2000015 홍상욱 7 47 40
2000712 이명화 8 97 82
2000958 강경희 78 64 27
2000883 김태우 1 45 98
2000600 최경지 95 69 8
2000674 홍욱창 42 54 8
2000487 김창우 43 58 20
2000860 이우화 82 9 96
2000173 변정석 94 51 20
2000514 변지경 25 49 71
2000292 박명경 57 8 67
2000737 이욱명 8 58 16
2000509 강화경 47 33 45
2000179 박상우 22 16 38
2000753 지화욱 29 17 63
2000077 변주우 90 98 74
2000402 지욱석 30 91 1
2000743 김석석 83 98 64
2000646 지정문 22 61 20
2000229 강창주 38 5 11
2000409 최태경 2 99 62
2000972 이태지 91 59 96
2000225 지희창 66 54 12
2000832 지정지 69 12 61
2000128 양화경 23 64 83
2000893 양주창 54 84 5
2000053 성연태 14 86 9
2000176 강창문 11 26 38
2000392 이문석 52 47 64
2000167 김화우 67 38 99
2000963 성정효 83 58 14
2000114 박연우 68 74 47
2000457 이명연 96 37 66
2000143 박우상 18 76 2
2000251 이창명 52 70 55
2000673 성연연 77 64 26
2000032 박문희 22 39 11
2000453 최문석 26 6 24
2000725 성연창 38 98 33
2000166 양정화 88 18 66
2000205 김석태 77 34 73
2000979 양지연 10 98 40
2000877 이효욱 52 77 36
2000118 강태욱 69 73 1
2000350 최지경 34 19 79
2000430 강상상 47 83 30
2000016 최창연 66 17 20
2000393 지명효 71 42 19
2000859 변창태 15 83 72
2000683 이화정 24 54 55
2000329 성욱정 78 65 69
2000606 최정상 40 33 5
2000691 박지태 3 5 98
2000910 박지효 98 47 53
2000512 최욱효 31 72 53
2000186 성우지 34 79 88
2000478 홍희석 32 96 78
2000961 이연효 64 77 59
2000425 양우문 78 34 46
2000094 변태명 19 96 48
2000373 변명연 12 28 32
2000300 강효명 32 23 60
2000615 변상문 18 71 67
2000812 박경창 9 88 63
2000566 최주효 47 8 14
2000459 김연욱 39 60 28
2000656 강정주 98 77 18
2000630 변지희 83 31 65
2000755 양석희 48 55 98
2000296 최문문 72 47 58
2000201 지문화 61 97 92
2000901 김문주 86 54 80
2000051 김욱창 78 4 78
2000119 성화지 90 33 42
2000730 홍석태 17 6 3
2000625 성태태 32 10 58
2000217 박정명 62 56 14
2000327 양화화 29 9 66
2000002 김석경 70 53 96
2000500 최창우 66 35 7
2000237 이효효 20 58 45
2000934 박문창 19 68 1
2000813 이경경 25 22 96
2000551 최욱명 8 63 87
2000616 홍우효 95 44 56
2000897 홍욱지 42 69 80
2000286 이화지 18 15 10
2000490 성문정 27 75 78
2000816 변희태 8 7 88
2000097 김화화 92 39 36
2000985 양상희 2 26 57
2000519 김상지 60 70 33
2000109 최정효 36 84 37
2000839 변정주 57 91 29
2000288 홍태주 76 90 45
2000266 양우화 65 21 95
2000536 김희주 99 32 89
2000659 김창욱 60 15 65
2000705 최효문 11 14 79
2000477 양우화 46 86 72
2000970 박희경 40 52 79
2000472 지희연 48 42 55
2000180 최석상 32 65 80
2000661 변지화 20 44 25
2000827 성연효 59 78 91
2000537 홍희우 12 14 43
2000113 이태지 78 54 43
2000412 최상화 43 67 8
2000713 강태효 96 2 32
2000420 양상효 18 18 92
2000524 이연태 63 92 81
2000955 지경연 58 15 94
2000187 변연명 30 6 9
2000013 변효석 63 13 28
2000918 최문욱 27 84 37
2000987 양창효 38 0 52
2000728 김정명 42 82 71
2000418 최문연 12 58 91
2000320 성효우 96 72 81
2000925 박창희 98 40 15
2000998 변주경 99 25 15
2000974 강효우 55 60 71
2000318 강상화 31 35 29
2000670 지태상 34 6 15
2000063 강문경 99 7 44
2000042 변희창 37 45 60
2000874 이희태 36 56 93
2000224 지주문 79 69 60
2000146 홍화명 99 12 54
2000019 이문화 91 2 5
2000494 김욱명 86 32 23
2000858 지경연 53 82 52
2000351 양석효 47 47 32
2000092 김창문 80 86 63
2000533 성석석 42 16 99
2000870 최주효 84 37 45
2000282 변명연 96 37 16
2000513 지명지 11 89 15
2000938 양정명 64 8 6
2000969 김욱지 56 34 65
2000401 이화석 95 42 57
2000530 강석화 39 49 54
2000480 최경정 67 30 81
2000535 양정태 80 33 23
2000014 이우화 90 19 66
2000238 지연정 25 51 92
2000293 최문효 38 47 62
2000559 지상정 78 24 21
2000772 강상정 53 4 41
2000539 변석태 83 52 1
2000590 최희태 95 46 38
2000821 강명지 85 17 65
2000328 강연희 33 38 75
2000101 양경명 11 65 47
2000172 박석상 42 9 17
2000195 변정연 48 67 15
2000588 지화희 55 75 21
2000739 홍석창 39 20 25
2000549 지우정 11 34 32
2000618 최석석 50 77 76
2000394 박문석 52 65 15
2000370 최창연 34 10 6
2000270 강태석 3 12 82
2000384 박명희 44 52 27
2000498 이정욱 36 21 51
2000984 양문정 6 10 10
2000671 김희희 88 13 12
2000564 이태상 46 22 49
2000428 변정효 47 17 81
2000933 지화상 85 17 15
2000211 홍희창 10 80 24
2000518 최주화 43 25 77
2000527 김경창 26 10 13
2000854 이정석 60 2 39
2000035 김상우 71 31 59
2000586 성우희 23 97 22
2000776 이우석 34 34 5
2000352 변창욱 37 98 15
2000771 최주명 23 25 46
2000608 김정석 56 40 65
2000423 박지화 36 83 92
2000681 지희창 35 94 48
2000134 강욱우 2 49 75
2000717 강명명 35 34 71
2000317 성경태 34 60 49
2000419 성상희 13 80 13
2000191 홍우주 26 50 79
2000898 지우우 30 39 71
2000770 변명경 34 26 20
2000952 최우지 20 76 51
2000903 박연상 61 52 78
2000269 강화우 95 98 84
2000954 성우정 43 7 34
2000400 강화창 44 24 98
2000278 양지정 19 16 14
2000254 최석욱 11 76 24
2000538 양문욱 54 76 16
2000988 강우욱 43 48 40
2000960 최상석 94 63 17
2000463 강희우 53 47 54
2000975 변석화 69 46 9
2000130 변태명 1 40 82
2000861 이경태 29 24 71
2000391 김효주 21 55 76
2000622 최명경 63 68 0
2000163 최효희 45 41 25
2000028 홍효문 13 51 16
2000658 홍태태 46 35 52
2000577 박문지 89 25 49
2000567 성주화 81 76 84
2000397 최석석 19 15 48
2000265 양연욱 38 48 18
2000664 지희창 88 65 70
2000609 양효명 86 80 54
2000965 강효주 42 42 33
2000223 최명연 56 62 15
2000431 성석주 4 88 33
2000222 성석창 40 85 79
2000836 이욱상 47 51 97
2000911 이경화 66 99 50
2000724 홍창정 65 19 82
2000707 박경창 59 75 72
2000814 변상명 67 80 40
2000355 홍욱욱 2 36 9
2000493 변주석 0 6 51
2000863 변우태 4 45 76
2000454 지문주 97 99 2
2000899 최우명 66 45 76
2000510 최효명 15 35 45
2000703 홍명연 98 27 73
2000408 지연지 75 96 26
2000797 변연희 90 53 6
2000107 양상명 42 57 60
2000039 김문정 18 59 11
2000464 지화희 79 53 39
2000729 김문태 68 79 47
2000112 홍지석 33 13 33
2000411 박화욱 81 4 7
2000203 최주욱 38 4 19
2000511 강경명 52 21 10
2000690 지경우 59 60 9
2000141 김욱상 56 72 46
2000994 지연문 28 5 9
2000506 홍효상 33 31 41
2000807 이화태 28 56 73
2000206 변창명 27 93 32
2000234 성상명 38 85 19
2000442 최정정 22 57 52
2000722 박효창 11 99 84
2000371 지경명 69 58 41
2000752 박주우 97 81 46
2000221 김희경 1 69 35
2000734 이태우 10 29 52
2000369 홍화욱 3 84 88
2000154 최효욱 70 42 62
2000212 이문문 19 83 25
2000848 지지효 7 4 19
2000878 박창화 50 56 48
2000532 최화지 97 65 44
2000775 이우지 10 97 18
2000018 변주지 50 66 61
2000515 박효정 68 4 82
2000800 김창연 64 11 25
2000377 박화우 72 72 26
2000085 홍정연 54 95 49
2000759 성효경 27 2 4
2000675 지효희 64 51 76
2000822 홍주상 11 58 23
2000045 최정상 30 26 22
2000971 변주상 33 13 35
2000526 박주석 44 20 32
2000030 변지화 22 53 22
2000668 지경석 62 96 82
2000558 이효화 70 44 68
2000499 양창연 70 42 70
2000631 양희상 38 1 82
2000379 강효경 60 79 2
2000613 성명창 91 78 70
2000841 성명우 9 54 94
2000029 양태효 96 72 70
2000260 성주욱 89 31 0
2000576 홍정석 79 95 73
2000940 김석화 26 32 91
2000942 양정상 0 57 90
2000669 지우태 70 40 76
2000305 지연태 55 24 40
2000196 김명연 23 74 24
2000436 홍상주 98 81 34
2000495 성효주 2 35 37
2000611 김정지 46 85 76
2000124 변효석 79 20 32
2000446 홍문창 52 80 43
2000593 변경주 70 38 26
2000778 최주연 30 86 79
2000250 강문지 49 45 1
2000905 강경태 33 22 87
2000138 성경명 76 80 44
2000304 양화연 70 86 23
2000491 최문연 35 52 98
2000915 이희상 71 29 59
2000421 박화경 4 13 57
2000651 김화명 83 53 21
2000700 양우연 94 13 73
2000482 김욱화 25 12 16
2000214 양연경 34 71 17
2000389 양희지 81 85 85
2000685 지우연 45 16 50
2000595 강욱상 84 34 96
2000922 홍화희 7 28 74
2000663 최효상 8 89 84
2000829 변욱지 92 15 61
2000948 양창문 75 4 58
2000719 김상석 78 85 29
2000853 강태화 86 14 51
2000573 최명정 0 47 1
2000241 양화효 77 74 94
2000345 이석석 15 9 38
2000064 성정희 81 38 11
2000106 강주연 8 98 32
2000258 최욱지 24 69 91
2000473 양연우 5 81 73
2000846 변주희 90 68 47
2000909 박우화 38 92 75
2000761 양효상 73 82 41
2000598 성창명 98 39 69
2000956 박상연 83 87 48
2000213 지효경 93 83 85
2000731 최화경 15 23 35
2000467 김문경 61 65 22
2000845 이명석 46 74 16
2000966 이연경 51 71 53
2000767 홍태창 6 65 99
2000259 지효상 85 0 8
2000424 지지문 48 58 99
2000709 김화희 46 68 33
2000218 변태석 5 91 88
2000133 최명주 28 50 47
2000445 홍희경 93 12 8
2000769 강창태 60 15 87
2000125 최우욱 45 58 74
2000643 성주주 74 61 44
2000904 지정명 2 87 55
2000687 박석효 86 87 65
2000272 박명욱 67 84 94
2000447 최화지 17 7 36
2000991 양경희 58 72 1
2000672 이석희 43 71 20
2000665 변희화 52 4 57
2000840 양주석 65 2 92
2000552 강석상 75 0 59
2000074 홍명지 5 26 77
2000980 이효상 63 55 30
2000204 지연문 58 21 47
2000476 홍연희 58 1 62
2000629 성경욱 92 86 88
2000838 최화연 37 53 45
2000142 성화지 40 34 64
2000844 양태지 88 29 19
2000171 홍경경 37 64 45
2000383 홍우창 97 79 20
2000850 박창경 83 10 77
2000057 변욱상 21 56 25
2000139 김창욱 25 8 69
2000049 지연상 54 22 7
2000009 최명효 95 56 84
2000617 양문태 38 9 17
2000792 변경정 44 60 87
2000843 양주태 5 36 93
2000496 김태희 88 56 63
2000271 양욱효 11 27 80
2000048 박주효 55 19 77
2000740 지경화 86 33 67
2000744 강희지 47 39 7
2000287 변명희 75 52 71
2000314 변문욱 83 41 86
2000435 박경상 88 72 9
2000103 양경주 33 17 72
2000805 최우상 46 90 31
2000451 변문정 81 88 40
2000777 지창주 63 62 88
2000957 김명우 81 60 83
2000427 변문명 90 66 55
2000006 강지우 12 99 52
2000823 지경창 27 12 80
2000346 홍연욱 71 70 15
2000448 이연정 29 17 39
2000799 이문명 47 86 24
2000866 양경경 27 33 55
2000655 변창연 59 95 71
2000099 강우문 55 63 38
2000917 변정태 4 20 42
2000219 박화창 11 0 49
2000247 이우경 74 47 34
2000635 변화문 54 29 21
2000612 김희문 52 30 97
2000943 변주지 92 84 44
2000075 강욱지 88 53 87
2000962 김문경 83 33 75
2000569 지연정 93 22 93
2000941 김희주 16 45 96
2000732 김주정 25 96 3
2000741 최희경 75 5 84
2000008 강창주 40 49 47
2000386 이창욱 74 80 15
2000096 성화상 63 75 17
2000621 홍석태 75 14 81
2000507 이효효 32 41 70
2000207 지석명 83 36 32
2000216 김효주 74 73 74
2000273 박우태 46 4 94
2000175 김상창 40 87 38
2000996 최문상 90 40 10
2000090 강지욱 21 54 44
2000066 성화석 89 24 59
2000540 변희창 95 10 79
2000174 김연욱 86 20 5
2000561 김태지 36 7 76
2000992 강상연 12 94 89
2000339 박명효 72 91 59
2000594 성연주 30 36 90
2000763 양명문 2 18 9
2000253 최상연 48 86 69
2000387 양지태 12 92 94
2000497 변창창 99 9 3
2000981 성경문 91 24 85
2000274 변정경 57 33 71
2000796 이욱연 73 54 41
2000284 강경효 43 91 95
2000831 변정연 22 38 54
2000682 이화연 35 76 35
2000252 김정희 80 49 70
2000338 강화명 14 7 72
2000748 김욱경 79 34 44
2000720 박연우 87 45 34
2000541 김연태 19 13 18
2000774 강욱정 31 89 41
2000277 김주문 10 3 83
2000833 변주문 46 69 89
2000322 강창연 70 36 85
2000648 이경정 78 51 43
2000766 김정석 60 66 77
2000246 이창석 39 30 28
2000885 이창지 39 73 99
2000695 성경문 35 99 82
2000078 홍태태 88 50 82
2000721 최효희 25 29 58
2000760 성정석 71 46 79
2000308 변창화 4 80 48
2000689 강태희 42 36 33
2000144 이명창 55 60 9
2000233 양명연 42 17 88
2000111 김우연 5 74 43
2000475 김석석 91 91 57
2000935 강연상 43 23 43
2000199 강지경 75 60 65
2000803 성상상 99 95 51
2000982 홍우지 19 2 36
2000365 성석석 60 17 94
2000900 강석지 70 89 71
2000160 이우명 12 72 88
2000087 김희문 82 74 83
2000344 강욱경 68 9 53
2000808 홍상석 71 77 1
2000156 양지효 37 57 81
2000073 최태석 32 99 60
2000581 지욱연 55 31 41
2000140 김경희 81 56 36
2000531 홍석연 38 32 9
2000525 강문연 10 64 95
2000704 성정화 15 50 28
2000662 박연창 98 78 82
2000780 홍경희 97 58 46
2000337 이연우 9 98 25
2000290 홍태경 46 82 75
2000570 이욱창 85 85 97
2000210 지우상 96 7 13
2000433 박우명 30 40 0
2000068 변우정 96 39 81
2000150 강주지 58 41 70
2000634 변욱태 54 6 43
2000502 성희주 73 62 18
2000050 김욱정 80 25 41
2000169 김효태 19 81 24
2000557 홍지문 92 86 93
2000951 강정우 48 75 1
2000422 박명우 77 11 91
2000325 최정욱 51 93 64
2000977 이희명 53 49 21
2000828 김욱효 85 16 79
2000165 성문연 0 34 39
2000788 지주상 87 79 23
2000623 김태주 42 11 48
2000289 성석지 24 67 54
2000122 변상경 71 38 22
2000462 성상지 97 41 25
2000802 최창문 32 94 67
2000886 박연문 0 24 46
2000762 홍경희 64 57 12
2000349 박문연 76 44 90
2000640 변지명 3 0 25
2000636 홍창희 78 29 21
2000568 변창창 31 71 43
2000990 홍주석 1 24 40
2000036 변화욱 76 13 9
2000488 강창지 70 9 65
2000555 강주욱 99 80 88
2000022 박욱지 76 66 66
2000434 홍주화 89 8 40
2000997 지지연 96 34 87
2000215 이효상 91 20 7
2000999 홍주태 36 56 35
2000890 양태지 71 98 65
2000177 이경창 64 11 5
2000820 박명태 10 99 93
2000123 강화명 0 33 91
2000619 지석정 73 46 89
2000632 성경지 32 55 15
2000908 홍화정 66 12 92
2000949 양주상 15 63 64
2000637 최명욱 12 54 1
2000151 홍욱문 64 5 90
2000357 최명문 10 24 96
2000070 양효태 5 46 21
2000745 강정욱 36 77 96
2000574 성효희 66 35 1
2000967 양주욱 44 72 34
2000098 지상욱 65 24 4
2000461 최희상 63 32 13
2000718 양정석 62 51 48
2000059 김화화 3 74 47
2000439 최지태 99 93 65
2000444 이명석 73 58 2
2000684 강태정 51 98 35
2000902 성욱희 51 70 16
2000553 성창주 46 27 16
2000020 김연주 61 86 84
2000072 최욱우 76 89 3
2000794 양정명 71 85 37
2000944 지지우 19 15 26
2000311 이정지 19 78 62
2000790 최욱희 24 76 95
2000916 양우화 54 18 51
2000501 홍희화 96 59 4
2000062 강경주 93 55 26
2000440 지경욱 23 38 38
2000914 변지지 12 79 49
2000438 이연문 84 76 50
2000937 이주석 49 39 72
2000887 지상문 51 68 82
2000465 홍석효 21 25 8
2000466 박명정 34 95 30
2000889 성문주 47 86 50
2000126 김정연 47 27 26
2000312 김화상 23 97 67
2000131 강명창 64 48 21
2000116 강연우 90 78 53
2000864 변석석 99 78 72
2000024 홍석우 60 65 71
2000754 강우경 43 33 81
2000007 이효욱 17 92 8
2000244 최경정 30 85 35
2000198 강희태 90 7 99
2000923 양욱창 39 95 37
2000888 지태욱 62 29 38
2000181 변명욱 87 47 93
2000929 지화상 20 71 93
2000353 강태주 84 40 72
2000360 박정우 15 41 75
2000607 변명정 27 28 55
2000417 변효연 4 9 37
2000926 지창효 10 20 14
2000604 홍효연 76 81 75
2000452 최연상 57 60 57
2000310 박창효 22 21 62
2000088 최명태 96 34 33
2000190 이주명 59 21 80
2000819 성창태 41 7 82
2000928 지경태 48 68 16
2000056 박주지 36 12 57
2000736 양화화 78 97 91
2000993 이화주 3 64 75
2000692 박태정 30 69 82
2000654 성연경 77 69 64
2000950 홍경욱 88 26 17
2000257 김문상 81 59 93
2000930 강경경 3 12 95
2000733 변명화 55 93 84
2000757 변지문 14 1 71
2000236 이문석 30 33 12
2000522 양화명 83 43 24
2000620 이화우 78 59 87
2000065 홍경욱 46 51 99
2000505 김효우 40 31 17
2000102 김상정 81 11 81
2000789 양효희 3 54 10
2000147 강석지 51 57 53
2000578 김태경 49 82 92
2000855 김상상 6 64 73
2000054 김우욱 7 40 15
2000004 성연태 80 8 19
2000398 이정경 33 38 35
2000653 강명연 69 48 52
2000299 김희창 34 88 32
2000443 이문희 57 11 59
2000341 변주우 23 46 80
2000856 김희창 89 94 36
2000852 변경창 65 43 43
2000240 이효화 94 11 37
2000381 변효정 51 36 41
2000896 박석연 90 85 35
2000385 박경욱 33 29 35
2000264 성주화 79 15 5
2000779 지욱연 82 72 54
2000633 양우창 74 23 80
2000642 홍명연 15 69 57
2000200 성화희 51 51 28
2000297 변석창 68 90 18
2000017 박희화 66 93 18
2000571 양명창 89 35 58
2000405 지연석 71 13 8
2000331 최연창 52 67 17
2000758 이창우 47 79 52
2000964 김상태 90 99 36
2000249 강명우 41 34 96
2000178 양창연 21 27 10
2000543 양명연 71 41 57
2000871 변명연 98 25 96
2000313 지우주 82 70 18
2000162 강태욱 83 39 55
2000025 양지주 55 59 62
2000605 최경지 66 98 21
2000768 이주지 88 1 70
2000129 변효창 90 37 10
2000528 강우지 30 25 11
2000157 최창문 67 66 51
2000076 양명정 10 46 57
2000416 양연주 69 68 44
2000340 지연석 51 43 28
2000781 지화석 96 72 68
2000202 지문정 36 93 3
2000450 지희연 54 95 74
2000460 이석화 64 40 51
2000924 양욱태 79 63 17
2000591 지연주 50 5 49
2000335 이지석 35 11 44
2000302 변우정 68 0 43
2000027 홍주욱 25 60 58
2000565 강석희 17 94 45
2000364 성주정 12 62 57
2000738 김욱주 6 68 25
2000582 최경욱 36 6 13
2000698 변문우 25 95 95
2000894 강희효 89 98 2
2000742 김석화 1 62 49
2000580 강희석 83 67 27
2000696 양문석 20 34 68
2000710 지화희 57 24 43
2000597 최우창 93 78 67
2000818 성지상 63 93 59
2000795 이희화 90 13 30
2000660 변태상 52 98 62
2000520 성효정 42 48 61
2000697 양명명 84 91 1
2000429 지주경 44 70 13
2000332 이상욱 73 44 30
2000034 성문정 21 98 95
2000060 성효석 0 26 48
2000330 이경경 22 73 44
2000873 이욱정 83 36 34
2000811 강경효 79 39 83
2000677 홍문경 64 63 30
2000403 박화지 33 57 29
2000281 최지정 40 43 57
2000529 박희화 8 11 84
2000603 이화정 29 6 0
2000867 변화지 61 84 38
2000316 홍태화 50 79 74
2000000 김정효 54 82 37
2000756 성지화 5 3 18
2000824 최지우 65 47 6
2000003 강효화 19 99 65
2000079 양경효 93 77 88
2000362 강우지 85 84 95
2000410 성문석 29 46 20
2000321 양태상 54 37 17
2000947 박연경 22 4 56
2000474 양주욱 36 74 63
2000145 양정경 38 65 57
2000086 지지우 63 39 72
2000058 강석화 10 68 46
2000547 최희희 79 95 52
2000678 홍주연 42 54 21
2000601 양경정 58 5 18
2000936 양경창 35 46 9
2000614 이화석 34 33 79
2000504 강욱문 23 20 10
2000641 박지상 56 10 8
2000374 성정상 51 59 53
2000159 강상정 43 14 58
2000105 성연욱 73 32 12
2000750 강화경 52 75 13
2000666 박상연 7 27 36
2000927 지명정 57 72 17
2000356 강경정 63 74 83
2000298 지정경 37 45 70
2000185 지욱지 80 37 85
2000367 홍우주 36 61 69
2000986 양우석 16 70 23
2000080 변효효 56 39 25
2000115 김주연 15 77 14
2000275 최우지 88 63 12
2000826 지희정 84 59 72
2000773 박연창 1 28 36
2000052 지창효 74 90 77
2000023 김주주 91 7 23
2000193 변희창 37 34 55
2000638 김지명 78 6 6
2000026 최창화 11 80 90
2000978 홍효주 35 60 67
2000323 이석명 14 99 67
2000347 양경상 85 49 92
2000837 김욱경 72 75 77
2000785 강태희 51 17 23
2000149 이지지 30 4 66
2000456 이희상 67 54 37
2000872 이화정 13 12 92
2000585 박우주 90 41 24
2000388 박문명 51 56 13
2000184 최화상 34 5 40
2000787 변희문 22 66 31
2000279 최태문 91 71 0
2000220 김지효 66 23 62
2000919 양명화 60 95 21
2000782 최우상 31 9 52
2000449 성욱문 90 25 47
2000825 홍상석 63 85 89
2000913 박정지 92 18 0
2000723 성창문 3 97 39
2000599 강우지 10 22 80
2000100 박우창 26 76 34
2000306 최창연 37 99 2
2000283 성창문 36 98 63
2000747 변경희 45 45 28
2000688 양창문 11 91 14
2000137 홍태상 52 95 24
2000680 김우지 4 53 30
2000354 성경상 86 96 7
2000395 김우욱 88 40 48
2000161 양상연 76 52 70
2000245 홍욱창 29 3 91
2000372 양정상 74 43 45
2000153 박정욱 90 85 69
2000081 변정우 73 51 29
2000711 김우화 80 1 29
2000550 강경주 27 84 4
