삼각형 47 8 20 20
사각형 1 21 30 20
삼각형 20 11 20 20
타원 41 7 6 5
사다리꼴 28 5 27 23 23
사각형 11 27 11 80
원 17 26 9
타원 30 13 7 7
타원 19 36 8 5
사다리꼴 28 3 26 23 15
사다리꼴 42 17 45 23 30
타원 3 36 9 5
타원 31 37 8 5
사다리꼴 8 49 39 29 12
타원 44 28 6 6
타원 46 43 9 5
원 26 46 10
원 4 38 7
사다리꼴 7 29 44 23 10
사다리꼴 5 3 30 21 30
사다리꼴 7 0 44 24 13
원 32 24 6
타원 45 17 9 8
타원 21 45 7 7
사각형 21 2 90 23
타원 45 1 8 6
사각형 2 40 30 210
원 0 25 7
원 20 40 6
타원 33 36 7 6
원 29 22 9
사다리꼴 25 14 44 27 12
원 35 24 5
원 20 2 8
사각형 13 14 120 20
원 5 43 7
원 18 42 9
원 34 41 7
사각형 22 42 80 32
사다리꼴 4 12 42 20 27
타원 42 16 5 5
원 33 18 6
삼각형 9 30 20 20
사다리꼴 27 15 46 24 21
타원 12 31 7 7
타원 2 8 8 6
삼각형 40 31 20 20
타원 10 17 10 5
삼각형 46 16 20 20
타원 50 34 6 5
타원 15 17 8 6
사다리꼴 40 6 43 28 19
삼각형 3 2 20 20
삼각형 30 13 20 20
사다리꼴 22 39 28 20 28
타원 21 3 6 5
삼각형 49 27 20 20
타원 20 34 7 5
타원 39 43 8 8
원 11 28 10
사각형 5 14 13 90
원 9 22 9
타원 3 1 8 7
타원 22 38 7 6
타원 35 9 8 5
삼각형 7 40 20 20
타원 50 6 9 8
사각형 27 23 40 56
삼각형 25 28 20 20
삼각형 6 33 20 20
원 44 27 6
사다리꼴 34 15 28 27 13
타원 41 20 10 7
사각형 14 50 41 29
사각형 1 25 45 73
원 21 9 7
원 37 44 6
원 42 14 10
원 0 39 10
원 34 49 8
삼각형 35 1 20 20
타원 11 24 9 5
타원 14 23 7 6
삼각형 48 17 20 20
원 11 42 5
사다리꼴 16 45 35 20 1
사다리꼴 9 8 50 24 15
사다리꼴 37 6 49 26 14
사다리꼴 46 20 44 29 29
사각형 9 30 10 20
원 47 20 5
삼각형 12 28 20 20
사각형 38 23 10 50
타원 35 50 9 7
사다리꼴 7 3 47 28 20
삼각형 19 4 20 20
타원 33 6 7 7
사다리꼴 40 27 43 24 22
사각형 21 23 34 20
사각형 46 12 19 60
